======== Results summary ========
Metrics:    |   MAE  |   NMAE  |   RMSE  
[Average]
density=0.05: 0.6102  0.6730  1.4093
density=0.10: 0.5394  0.5940  1.2776
density=0.15: 0.5045  0.5555  1.2180
density=0.20: 0.4784  0.5266  1.1770
density=0.25: 0.4580  0.5042  1.1471
density=0.30: 0.4431  0.4879  1.1259

[Standard deviation (std)]
density=0.05: 0.0028  0.0034  0.0053
density=0.10: 0.0019  0.0022  0.0034
density=0.15: 0.0017  0.0018  0.0033
density=0.20: 0.0010  0.0012  0.0023
density=0.25: 0.0017  0.0020  0.0031
density=0.30: 0.0012  0.0013  0.0034

======== Detailed results ========
[density=0.05, 20 rounds]
0.6131  0.6760  1.4147
0.6119  0.6748  1.4041
0.6138  0.6775  1.4081
0.6153  0.6792  1.4190
0.6143  0.6778  1.4063
0.6051  0.6667  1.4076
0.6102  0.6724  1.4153
0.6117  0.6750  1.4032
0.6110  0.6738  1.4203
0.6118  0.6745  1.4074
0.6069  0.6691  1.4120
0.6078  0.6698  1.4076
0.6073  0.6706  1.3998
0.6120  0.6748  1.4157
0.6063  0.6684  1.4089
0.6116  0.6745  1.4060
0.6087  0.6705  1.4103
0.6092  0.6720  1.4028
0.6104  0.6734  1.4090
0.6063  0.6683  1.4082

[density=0.10, 20 rounds]
0.5421  0.5970  1.2787
0.5398  0.5944  1.2779
0.5406  0.5960  1.2757
0.5434  0.5993  1.2806
0.5405  0.5958  1.2759
0.5390  0.5931  1.2846
0.5386  0.5926  1.2794
0.5383  0.5927  1.2756
0.5405  0.5949  1.2815
0.5419  0.5968  1.2774
0.5391  0.5933  1.2785
0.5406  0.5947  1.2783
0.5377  0.5922  1.2700
0.5362  0.5904  1.2756
0.5389  0.5937  1.2777
0.5375  0.5919  1.2717
0.5403  0.5948  1.2805
0.5356  0.5900  1.2721
0.5390  0.5936  1.2795
0.5389  0.5929  1.2805

[density=0.15, 20 rounds]
0.5036  0.5544  1.2162
0.5068  0.5585  1.2197
0.5032  0.5545  1.2180
0.5039  0.5561  1.2096
0.5050  0.5562  1.2180
0.5061  0.5567  1.2222
0.5036  0.5540  1.2203
0.5054  0.5563  1.2212
0.5027  0.5536  1.2173
0.5044  0.5557  1.2180
0.5063  0.5571  1.2189
0.5032  0.5536  1.2163
0.5019  0.5527  1.2169
0.5028  0.5534  1.2158
0.5052  0.5564  1.2190
0.5079  0.5589  1.2227
0.5031  0.5540  1.2141
0.5039  0.5549  1.2143
0.5034  0.5542  1.2166
0.5082  0.5591  1.2243

[density=0.20, 20 rounds]
0.4766  0.5246  1.1742
0.4785  0.5273  1.1736
0.4794  0.5284  1.1789
0.4799  0.5295  1.1746
0.4796  0.5280  1.1774
0.4790  0.5266  1.1799
0.4779  0.5260  1.1782
0.4786  0.5264  1.1803
0.4777  0.5261  1.1771
0.4774  0.5259  1.1739
0.4792  0.5272  1.1750
0.4781  0.5258  1.1786
0.4767  0.5247  1.1794
0.4773  0.5254  1.1780
0.4790  0.5276  1.1782
0.4782  0.5263  1.1758
0.4789  0.5270  1.1754
0.4796  0.5277  1.1777
0.4776  0.5261  1.1731
0.4790  0.5264  1.1804

[density=0.25, 20 rounds]
0.4554  0.5015  1.1467
0.4603  0.5071  1.1485
0.4575  0.5043  1.1423
0.4595  0.5069  1.1502
0.4606  0.5071  1.1486
0.4582  0.5038  1.1461
0.4565  0.5028  1.1465
0.4575  0.5030  1.1488
0.4599  0.5067  1.1492
0.4581  0.5047  1.1424
0.4598  0.5060  1.1455
0.4577  0.5035  1.1458
0.4564  0.5024  1.1490
0.4539  0.4995  1.1441
0.4571  0.5035  1.1454
0.4578  0.5046  1.1429
0.4603  0.5062  1.1563
0.4590  0.5051  1.1496
0.4560  0.5021  1.1465
0.4581  0.5034  1.1472

[density=0.30, 20 rounds]
0.4422  0.4867  1.1271
0.4439  0.4889  1.1278
0.4435  0.4889  1.1242
0.4423  0.4881  1.1188
0.4454  0.4904  1.1262
0.4442  0.4884  1.1276
0.4412  0.4858  1.1240
0.4416  0.4852  1.1257
0.4412  0.4861  1.1262
0.4443  0.4894  1.1236
0.4432  0.4877  1.1238
0.4441  0.4881  1.1302
0.4424  0.4874  1.1306
0.4427  0.4875  1.1305
0.4425  0.4873  1.1226
0.4432  0.4883  1.1191
0.4451  0.4899  1.1316
0.4439  0.4886  1.1265
0.4418  0.4864  1.1246
0.4442  0.4882  1.1266

