======== Results summary ========
Metrics:    |   MAE  |   NMAE  |   RMSE  
[Average]
density=0.05: 27.7423  0.5838  64.2669
density=0.10: 26.3173  0.5534  61.6990
density=0.15: 25.8199  0.5428  60.8650
density=0.20: 25.5616  0.5374  60.4391
density=0.25: 25.3946  0.5339  60.1739
density=0.30: 25.3045  0.5319  60.0381

[Standard deviation (std)]
density=0.05: 0.1051  0.0022  0.3110
density=0.10: 0.0816  0.0017  0.2288
density=0.15: 0.0642  0.0015  0.1633
density=0.20: 0.0546  0.0012  0.1284
density=0.25: 0.0363  0.0010  0.1172
density=0.30: 0.0408  0.0011  0.1060

======== Detailed results ========
[density=0.05, 20 rounds]
27.6088  0.5820  63.5803
27.8791  0.5865  64.6444
27.7515  0.5841  64.3834
27.8650  0.5865  64.0704
27.8587  0.5857  64.7235
27.6526  0.5825  64.0782
27.8327  0.5856  64.5628
27.6491  0.5823  63.7708
27.7480  0.5837  64.4748
27.7565  0.5836  64.7704
27.6394  0.5810  64.3582
27.5568  0.5801  63.9067
27.8338  0.5856  64.2828
27.5363  0.5787  64.0511
27.7799  0.5847  64.3436
27.6847  0.5829  64.1446
27.8759  0.5870  64.1449
27.7819  0.5845  64.3635
27.8420  0.5859  64.6175
27.7141  0.5833  64.0664

[density=0.10, 20 rounds]
26.2282  0.5521  61.3490
26.2610  0.5519  61.6190
26.3115  0.5538  61.7676
26.2005  0.5512  61.2997
26.4621  0.5566  61.7666
26.2744  0.5525  61.6443
26.3617  0.5547  61.7251
26.2375  0.5518  61.6690
26.3340  0.5538  61.7642
26.3691  0.5543  61.8177
26.3777  0.5541  62.1132
26.2301  0.5522  61.3385
26.3771  0.5546  61.7658
26.1497  0.5492  61.5314
26.4045  0.5553  62.1617
26.2915  0.5526  61.5686
26.3416  0.5547  61.5391
26.3649  0.5542  61.9307
26.4593  0.5562  61.9767
26.3092  0.5533  61.6315

[density=0.15, 20 rounds]
25.7546  0.5417  60.7912
25.7261  0.5405  60.7667
25.7814  0.5429  60.7211
25.7299  0.5412  60.5129
25.9028  0.5447  60.9237
25.8108  0.5428  60.7223
25.8448  0.5433  60.9133
25.8499  0.5436  60.9138
25.9228  0.5448  60.9328
25.8676  0.5442  61.0019
25.8900  0.5442  61.0770
25.8210  0.5432  60.9426
25.7825  0.5420  60.8817
25.7368  0.5400  60.9066
25.8732  0.5440  61.1716
25.7371  0.5409  60.6249
25.8875  0.5451  60.7628
25.7587  0.5413  60.6951
25.9040  0.5445  61.1427
25.8156  0.5422  60.8952

[density=0.20, 20 rounds]
25.5296  0.5367  60.3424
25.4834  0.5356  60.4305
25.5338  0.5379  60.3690
25.4662  0.5351  60.1991
25.6263  0.5388  60.4510
25.6467  0.5392  60.6156
25.5758  0.5379  60.4473
25.5831  0.5381  60.4814
25.6651  0.5391  60.5119
25.5500  0.5373  60.3621
25.6184  0.5385  60.6003
25.5272  0.5371  60.3634
25.5449  0.5371  60.4668
25.5414  0.5359  60.4480
25.6149  0.5388  60.5551
25.5072  0.5363  60.1936
25.5605  0.5382  60.4021
25.4864  0.5354  60.2958
25.6176  0.5380  60.7176
25.5535  0.5363  60.5281

[density=0.25, 20 rounds]
25.3759  0.5335  60.1114
25.3608  0.5325  60.3035
25.3690  0.5338  60.1374
25.3525  0.5336  60.0419
25.4465  0.5352  60.1147
25.4066  0.5337  60.2671
25.3925  0.5343  60.1087
25.4172  0.5344  60.1316
25.4528  0.5349  60.2339
25.4203  0.5348  60.1317
25.4128  0.5348  60.1292
25.3893  0.5342  60.2490
25.3836  0.5337  60.1446
25.3451  0.5319  60.1996
25.4716  0.5354  60.3606
25.3635  0.5336  59.9420
25.4215  0.5351  60.1674
25.3312  0.5320  59.9782
25.4031  0.5331  60.3179
25.3760  0.5325  60.4082

[density=0.30, 20 rounds]
25.2955  0.5314  60.0313
25.2453  0.5301  60.1193
25.2825  0.5318  60.0854
25.3002  0.5319  60.0791
25.3458  0.5328  60.0285
25.3036  0.5315  60.0841
25.3166  0.5330  60.0210
25.2909  0.5321  59.9202
25.3568  0.5326  60.0802
25.3218  0.5322  60.0321
25.3753  0.5338  59.9506
25.2999  0.5321  59.9863
25.2702  0.5314  60.0012
25.2805  0.5307  60.1216
25.3852  0.5335  60.1927
25.2300  0.5307  59.7280
25.3404  0.5334  60.0612
25.2579  0.5305  59.8962
25.2675  0.5299  60.1493
25.3242  0.5318  60.1941

