======== Results summary ========
Metrics:    |   MAE  |   NMAE  |   RMSE  
[Average]
density=0.05: 28.3582  0.5968  64.3742
density=0.10: 23.6441  0.4972  56.3755
density=0.15: 21.1120  0.4439  51.7602
density=0.20: 19.5789  0.4116  48.6703
density=0.25: 18.6411  0.3919  46.5883
density=0.30: 18.0003  0.3783  45.1458

[Standard deviation (std)]
density=0.05: 0.1583  0.0033  0.4318
density=0.10: 0.1397  0.0030  0.3136
density=0.15: 0.1054  0.0022  0.2875
density=0.20: 0.0694  0.0014  0.1838
density=0.25: 0.0550  0.0012  0.1854
density=0.30: 0.0440  0.0010  0.1482

======== Detailed results ========
[density=0.05, 20 rounds]
28.1758  0.5939  63.5566
28.3252  0.5959  64.5092
28.3885  0.5975  64.5049
28.5168  0.6003  64.2987
28.3012  0.5950  64.4967
28.3245  0.5967  64.2714
28.5672  0.6011  65.0007
27.9894  0.5895  63.3200
28.4737  0.5990  64.8535
28.4821  0.5989  65.1126
28.2284  0.5934  64.4803
28.3257  0.5963  64.2883
28.4950  0.5995  64.5149
28.0587  0.5897  63.9900
28.4830  0.5995  64.5137
28.2460  0.5947  64.1719
28.4679  0.5994  64.0240
28.4846  0.5993  64.5959
28.5553  0.6009  64.8581
28.2747  0.5951  64.1229

[density=0.10, 20 rounds]
23.6216  0.4972  56.0640
23.3354  0.4904  55.9180
23.5377  0.4954  56.2085
23.5154  0.4947  55.9355
23.5164  0.4946  55.9875
23.5415  0.4950  56.1456
23.8287  0.5014  56.6181
23.4578  0.4933  56.2106
23.7793  0.5001  56.6385
23.7367  0.4989  56.5101
23.6711  0.4973  56.8726
23.6555  0.4980  56.1747
23.6954  0.4982  56.5583
23.4811  0.4931  56.3164
23.8114  0.5008  57.0556
23.6024  0.4960  56.1879
23.7347  0.4998  56.2859
23.8836  0.5020  56.8246
23.7639  0.4995  56.5157
23.7125  0.4987  56.4812

[density=0.15, 20 rounds]
21.2091  0.4461  51.8182
21.0080  0.4414  51.6661
20.9125  0.4404  51.2781
21.1227  0.4443  51.5378
21.0884  0.4435  51.6151
20.8563  0.4386  51.0851
21.2159  0.4460  51.9301
21.1153  0.4440  51.7143
21.1788  0.4451  51.7440
21.0961  0.4438  51.7793
21.1900  0.4454  52.1246
21.2504  0.4471  52.0395
21.1710  0.4450  52.0346
21.1462  0.4437  52.1328
21.1458  0.4446  52.0825
20.9511  0.4403  51.3709
21.1614  0.4456  51.7587
21.1302  0.4441  51.7703
21.0494  0.4424  51.5872
21.2416  0.4461  52.1340

[density=0.20, 20 rounds]
19.6384  0.4129  48.7017
19.5599  0.4111  48.7136
19.5393  0.4116  48.5315
19.5449  0.4107  48.5144
19.5893  0.4119  48.5493
19.4163  0.4082  48.2858
19.5111  0.4104  48.6348
19.5843  0.4119  48.7441
19.6137  0.4120  48.5562
19.6195  0.4126  48.6221
19.6551  0.4132  48.9752
19.5950  0.4123  48.6727
19.7119  0.4145  48.9398
19.6568  0.4124  48.9215
19.5427  0.4111  48.6520
19.4859  0.4097  48.3425
19.6145  0.4130  48.7814
19.5809  0.4113  48.7208
19.4759  0.4090  48.5835
19.6430  0.4123  48.9633

[density=0.25, 20 rounds]
18.5925  0.3909  46.5170
18.6902  0.3925  46.8696
18.5813  0.3910  46.4931
18.5938  0.3914  46.3697
18.6322  0.3919  46.3805
18.5531  0.3898  46.4727
18.5934  0.3912  46.4282
18.5655  0.3904  46.3396
18.6445  0.3918  46.5032
18.6789  0.3930  46.5489
18.6116  0.3917  46.5646
18.7211  0.3939  46.7901
18.6868  0.3929  46.6443
18.7085  0.3926  46.6751
18.6530  0.3920  46.8031
18.6572  0.3925  46.5560
18.6965  0.3935  46.6706
18.6767  0.3923  46.6698
18.5595  0.3895  46.3903
18.7267  0.3929  47.0801

[density=0.30, 20 rounds]
18.0624  0.3794  45.3108
18.0233  0.3785  45.4473
17.9765  0.3781  45.1763
17.9890  0.3782  45.0788
17.9703  0.3778  44.9968
17.9661  0.3774  45.0913
18.0087  0.3791  45.0886
17.9265  0.3772  44.8642
17.9619  0.3773  44.9090
18.0347  0.3790  45.0698
18.0440  0.3796  45.0721
18.0180  0.3789  45.1158
18.0318  0.3792  45.1476
18.0226  0.3784  45.3154
18.0111  0.3785  45.3030
17.9340  0.3772  45.0152
18.0328  0.3796  45.1781
17.9465  0.3769  45.1783
17.9514  0.3765  45.1529
18.0938  0.3800  45.4050

