======== Results summary ========
Metrics:    |   MAE  |   NMAE  |   RMSE  
[Average]
density=0.05: 0.6430  0.7091  1.4754
density=0.10: 0.5689  0.6264  1.3646
density=0.15: 0.5367  0.5909  1.3023
density=0.20: 0.5124  0.5641  1.2554
density=0.25: 0.4954  0.5454  1.2213
density=0.30: 0.4816  0.5302  1.1949

[Standard deviation (std)]
density=0.05: 0.0026  0.0030  0.0048
density=0.10: 0.0016  0.0018  0.0047
density=0.15: 0.0013  0.0016  0.0035
density=0.20: 0.0012  0.0015  0.0028
density=0.25: 0.0012  0.0016  0.0030
density=0.30: 0.0010  0.0011  0.0036

======== Detailed results ========
[density=0.05, 20 rounds]
0.6428  0.7088  1.4770
0.6476  0.7141  1.4804
0.6442  0.7110  1.4705
0.6430  0.7098  1.4725
0.6464  0.7132  1.4757
0.6429  0.7083  1.4764
0.6433  0.7088  1.4811
0.6463  0.7132  1.4778
0.6413  0.7072  1.4788
0.6456  0.7117  1.4773
0.6417  0.7075  1.4754
0.6389  0.7041  1.4721
0.6393  0.7059  1.4624
0.6451  0.7113  1.4845
0.6396  0.7051  1.4803
0.6450  0.7114  1.4740
0.6405  0.7054  1.4746
0.6452  0.7117  1.4764
0.6422  0.7084  1.4689
0.6389  0.7043  1.4724

[density=0.10, 20 rounds]
0.5686  0.6262  1.3607
0.5735  0.6316  1.3744
0.5675  0.6256  1.3595
0.5703  0.6290  1.3612
0.5671  0.6251  1.3579
0.5690  0.6261  1.3713
0.5705  0.6277  1.3714
0.5697  0.6273  1.3668
0.5705  0.6280  1.3686
0.5704  0.6283  1.3607
0.5668  0.6237  1.3654
0.5667  0.6234  1.3587
0.5693  0.6271  1.3591
0.5681  0.6255  1.3671
0.5669  0.6246  1.3652
0.5691  0.6267  1.3712
0.5684  0.6257  1.3630
0.5679  0.6255  1.3644
0.5682  0.6258  1.3623
0.5687  0.6255  1.3638

[density=0.15, 20 rounds]
0.5371  0.5912  1.3015
0.5394  0.5944  1.3092
0.5343  0.5889  1.3004
0.5366  0.5921  1.2980
0.5364  0.5907  1.2984
0.5366  0.5902  1.3047
0.5340  0.5875  1.3005
0.5373  0.5914  1.3041
0.5393  0.5940  1.3089
0.5363  0.5909  1.2984
0.5370  0.5909  1.3006
0.5359  0.5895  1.2960
0.5368  0.5911  1.2994
0.5356  0.5895  1.3043
0.5370  0.5913  1.3060
0.5371  0.5910  1.3052
0.5369  0.5912  1.3005
0.5373  0.5916  1.3054
0.5351  0.5891  1.3019
0.5375  0.5913  1.3022

[density=0.20, 20 rounds]
0.5133  0.5651  1.2560
0.5140  0.5664  1.2600
0.5120  0.5643  1.2541
0.5126  0.5655  1.2530
0.5133  0.5651  1.2537
0.5126  0.5636  1.2584
0.5099  0.5613  1.2523
0.5129  0.5641  1.2554
0.5149  0.5670  1.2613
0.5108  0.5626  1.2544
0.5113  0.5626  1.2531
0.5109  0.5619  1.2517
0.5114  0.5629  1.2521
0.5125  0.5641  1.2591
0.5139  0.5661  1.2560
0.5119  0.5633  1.2557
0.5117  0.5631  1.2523
0.5126  0.5640  1.2557
0.5134  0.5656  1.2593
0.5128  0.5636  1.2547

[density=0.25, 20 rounds]
0.4957  0.5458  1.2215
0.4976  0.5482  1.2283
0.4938  0.5443  1.2201
0.4952  0.5463  1.2198
0.4975  0.5477  1.2207
0.4957  0.5450  1.2237
0.4933  0.5434  1.2219
0.4947  0.5438  1.2204
0.4973  0.5479  1.2225
0.4947  0.5450  1.2177
0.4959  0.5457  1.2216
0.4946  0.5441  1.2165
0.4950  0.5449  1.2181
0.4941  0.5437  1.2243
0.4961  0.5465  1.2219
0.4970  0.5478  1.2209
0.4943  0.5436  1.2212
0.4955  0.5453  1.2212
0.4949  0.5450  1.2270
0.4944  0.5433  1.2162

[density=0.30, 20 rounds]
0.4811  0.5295  1.1933
0.4836  0.5325  1.2021
0.4793  0.5284  1.1930
0.4815  0.5313  1.1903
0.4830  0.5318  1.1946
0.4826  0.5307  1.2017
0.4816  0.5304  1.1992
0.4820  0.5296  1.1975
0.4821  0.5311  1.1954
0.4806  0.5294  1.1921
0.4821  0.5304  1.1952
0.4812  0.5289  1.1937
0.4823  0.5314  1.1919
0.4808  0.5294  1.1980
0.4801  0.5288  1.1933
0.4816  0.5307  1.1901
0.4821  0.5306  1.1968
0.4809  0.5293  1.1939
0.4826  0.5314  1.1979
0.4817  0.5294  1.1883

