======== Results summary ========
Metrics:    |   MAE  |   NMAE  |   RMSE  
[Average]
density=0.05: 37.6724  0.7928  95.7333
density=0.10: 35.5465  0.7475  82.3641
density=0.15: 38.8295  0.8164  82.2164
density=0.20: 38.4649  0.8086  83.2644
density=0.25: 36.2432  0.7619  81.1680
density=0.30: 34.4561  0.7242  79.4777

[Standard deviation (std)]
density=0.05: 0.0920  0.0020  0.5526
density=0.10: 0.1255  0.0025  0.3619
density=0.15: 0.2432  0.0049  0.4739
density=0.20: 0.2721  0.0054  0.4222
density=0.25: 0.2463  0.0053  0.5290
density=0.30: 0.3771  0.0078  0.7591

======== Detailed results ========
[density=0.05, 20 rounds]
37.6741  0.7941  94.6108
37.5280  0.7894  95.6844
37.6876  0.7932  95.4568
37.7512  0.7946  95.2596
37.5833  0.7902  95.7950
37.7219  0.7947  95.6445
37.5470  0.7901  95.6062
37.4854  0.7895  94.7676
37.7537  0.7942  96.1371
37.7053  0.7928  96.2630
37.6758  0.7920  96.3753
37.6414  0.7924  95.6572
37.6065  0.7912  95.5850
37.7429  0.7933  97.1527
37.7397  0.7943  96.2015
37.7859  0.7956  96.0666
37.8325  0.7966  95.3359
37.7711  0.7946  95.8497
37.5772  0.7907  95.3315
37.6366  0.7921  95.8845

[density=0.10, 20 rounds]
35.3657  0.7444  81.9910
35.4009  0.7440  82.3468
35.4071  0.7452  82.1309
35.3987  0.7447  82.1021
35.8565  0.7541  82.4897
35.4846  0.7462  82.0219
35.5324  0.7476  82.3447
35.4117  0.7447  82.1474
35.5846  0.7483  82.1226
35.6574  0.7495  82.5720
35.6966  0.7499  83.2688
35.5132  0.7476  82.0911
35.4979  0.7464  82.2190
35.5811  0.7472  83.2175
35.7715  0.7523  82.6626
35.5666  0.7475  82.3681
35.5020  0.7476  81.8750
35.5046  0.7463  82.1967
35.6145  0.7486  82.5284
35.5830  0.7484  82.5864

[density=0.15, 20 rounds]
38.5737  0.8113  81.6343
39.0239  0.8199  82.6798
38.7541  0.8161  82.2639
38.9903  0.8202  82.6635
39.1908  0.8242  82.6126
38.7628  0.8151  82.1022
38.5310  0.8101  81.7805
38.7734  0.8153  82.0940
38.5677  0.8105  81.3381
39.1829  0.8243  82.5542
38.8284  0.8162  82.3119
38.7152  0.8145  82.2308
38.5234  0.8098  81.6590
39.2864  0.8243  83.3409
38.9722  0.8194  82.3655
39.2135  0.8242  82.5883
38.5066  0.8108  81.4046
38.7646  0.8146  82.0827
38.6477  0.8123  82.1769
38.7812  0.8145  82.4449

[density=0.20, 20 rounds]
38.1086  0.8012  82.8293
38.3645  0.8063  83.4127
37.9872  0.8002  82.5504
38.6225  0.8115  83.7912
38.5789  0.8112  83.4243
38.3586  0.8065  83.3014
38.0384  0.8001  82.6223
38.6227  0.8124  83.5742
38.7176  0.8132  83.3525
38.8371  0.8167  83.9403
38.6403  0.8123  83.1238
38.4358  0.8086  82.7762
38.6185  0.8120  83.3452
38.9768  0.8178  84.1579
38.2053  0.8036  83.0760
38.8708  0.8174  83.7352
38.2826  0.8060  82.8562
38.4510  0.8077  83.1853
38.2066  0.8023  82.9942
38.3746  0.8054  83.2390

[density=0.25, 20 rounds]
36.2497  0.7621  81.2311
36.6171  0.7689  81.9524
35.9939  0.7574  81.0846
36.5150  0.7686  82.0103
36.3423  0.7643  81.5898
36.2980  0.7625  81.2397
35.8135  0.7536  80.2717
36.4429  0.7663  81.5474
36.1316  0.7593  80.6273
36.4831  0.7675  82.0867
36.5024  0.7682  81.2917
36.0783  0.7591  80.6953
36.5760  0.7691  81.5977
36.3516  0.7629  81.4668
35.8239  0.7529  80.4993
36.3017  0.7638  80.8661
36.1521  0.7609  80.9508
36.3556  0.7636  81.3217
35.8967  0.7533  80.4157
35.9389  0.7541  80.6137

[density=0.30, 20 rounds]
35.1316  0.7380  80.7862
35.0079  0.7351  80.6308
34.7137  0.7302  80.0479
34.3897  0.7230  79.4441
34.2179  0.7193  79.1119
34.2885  0.7202  79.3030
33.8446  0.7125  78.3736
35.0187  0.7368  80.2968
34.5892  0.7265  79.3069
34.7667  0.7307  80.3146
34.5368  0.7265  79.0021
34.0285  0.7156  78.3542
34.2501  0.7203  78.9659
34.6832  0.7282  80.3331
34.2579  0.7200  79.0781
34.6826  0.7295  80.0940
34.0862  0.7175  79.1530
34.5395  0.7254  79.6626
34.4099  0.7216  79.2941
33.6792  0.7073  78.0017

