======== Results summary ========
Metrics:    |   MAE  |   NMAE  |   RMSE  
[Average]
density=0.05: 0.8763  0.9663  1.8532
density=0.10: 0.8751  0.9636  1.8556
density=0.15: 0.8755  0.9639  1.8553
density=0.20: 0.8747  0.9629  1.8554
density=0.25: 0.8747  0.9630  1.8551
density=0.30: 0.8742  0.9624  1.8553

[Standard deviation (std)]
density=0.05: 0.0035  0.0042  0.0019
density=0.10: 0.0023  0.0031  0.0015
density=0.15: 0.0016  0.0023  0.0016
density=0.20: 0.0011  0.0018  0.0020
density=0.25: 0.0010  0.0017  0.0019
density=0.30: 0.0007  0.0014  0.0020

======== Detailed results ========
[density=0.05, 20 rounds]
0.8799  0.9702  1.8533
0.8781  0.9683  1.8535
0.8797  0.9711  1.8514
0.8773  0.9685  1.8506
0.8824  0.9735  1.8520
0.8752  0.9643  1.8554
0.8741  0.9631  1.8553
0.8791  0.9701  1.8504
0.8701  0.9595  1.8535
0.8798  0.9699  1.8535
0.8707  0.9600  1.8534
0.8719  0.9609  1.8545
0.8791  0.9708  1.8492
0.8755  0.9653  1.8549
0.8718  0.9611  1.8544
0.8773  0.9676  1.8523
0.8756  0.9644  1.8573
0.8807  0.9714  1.8530
0.8749  0.9652  1.8523
0.8722  0.9615  1.8545

[density=0.10, 20 rounds]
0.8739  0.9623  1.8549
0.8756  0.9642  1.8550
0.8792  0.9692  1.8549
0.8778  0.9681  1.8524
0.8762  0.9658  1.8533
0.8702  0.9574  1.8575
0.8737  0.9612  1.8561
0.8768  0.9655  1.8554
0.8725  0.9604  1.8568
0.8787  0.9678  1.8533
0.8711  0.9586  1.8574
0.8753  0.9628  1.8575
0.8777  0.9668  1.8548
0.8745  0.9628  1.8572
0.8756  0.9646  1.8538
0.8743  0.9628  1.8556
0.8753  0.9635  1.8572
0.8737  0.9625  1.8547
0.8769  0.9657  1.8571
0.8729  0.9602  1.8568

[density=0.15, 20 rounds]
0.8753  0.9635  1.8547
0.8768  0.9663  1.8527
0.8761  0.9655  1.8549
0.8792  0.9702  1.8513
0.8767  0.9655  1.8558
0.8720  0.9592  1.8575
0.8737  0.9612  1.8562
0.8766  0.9648  1.8554
0.8752  0.9639  1.8552
0.8783  0.9676  1.8531
0.8740  0.9617  1.8567
0.8758  0.9635  1.8570
0.8753  0.9638  1.8556
0.8748  0.9629  1.8572
0.8733  0.9617  1.8533
0.8745  0.9623  1.8570
0.8764  0.9649  1.8554
0.8749  0.9633  1.8552
0.8752  0.9636  1.8564
0.8749  0.9626  1.8553

[density=0.20, 20 rounds]
0.8763  0.9647  1.8533
0.8742  0.9634  1.8527
0.8754  0.9649  1.8543
0.8763  0.9668  1.8510
0.8765  0.9649  1.8553
0.8724  0.9591  1.8588
0.8742  0.9623  1.8556
0.8752  0.9626  1.8573
0.8750  0.9636  1.8556
0.8755  0.9644  1.8532
0.8733  0.9608  1.8565
0.8748  0.9621  1.8576
0.8743  0.9624  1.8565
0.8748  0.9629  1.8574
0.8742  0.9629  1.8523
0.8744  0.9622  1.8567
0.8742  0.9620  1.8554
0.8744  0.9620  1.8564
0.8756  0.9645  1.8551
0.8729  0.9594  1.8573

[density=0.25, 20 rounds]
0.8750  0.9634  1.8523
0.8741  0.9630  1.8539
0.8749  0.9644  1.8538
0.8757  0.9660  1.8522
0.8770  0.9657  1.8554
0.8735  0.9604  1.8572
0.8740  0.9627  1.8540
0.8746  0.9615  1.8582
0.8762  0.9654  1.8546
0.8758  0.9648  1.8521
0.8746  0.9624  1.8559
0.8750  0.9626  1.8563
0.8744  0.9625  1.8553
0.8740  0.9617  1.8580
0.8741  0.9629  1.8544
0.8757  0.9653  1.8528
0.8738  0.9609  1.8572
0.8754  0.9633  1.8563
0.8737  0.9622  1.8566
0.8732  0.9596  1.8563

[density=0.30, 20 rounds]
0.8743  0.9623  1.8529
0.8742  0.9627  1.8548
0.8745  0.9640  1.8551
0.8743  0.9648  1.8515
0.8756  0.9641  1.8543
0.8732  0.9602  1.8575
0.8739  0.9624  1.8549
0.8745  0.9608  1.8591
0.8748  0.9637  1.8551
0.8742  0.9629  1.8531
0.8729  0.9604  1.8566
0.8738  0.9602  1.8594
0.8738  0.9627  1.8529
0.8745  0.9630  1.8584
0.8729  0.9613  1.8553
0.8748  0.9639  1.8540
0.8746  0.9626  1.8549
0.8752  0.9634  1.8556
0.8737  0.9619  1.8557
0.8740  0.9605  1.8554

