======== Results summary ========
Metrics:    |   MAE  |   NMAE  |   RMSE  
[Average]
density=0.05: 0.6546  0.7219  1.5003
density=0.10: 0.5746  0.6327  1.3806
density=0.15: 0.5426  0.5975  1.3204
density=0.20: 0.5187  0.5710  1.2756
density=0.25: 0.5001  0.5506  1.2407
density=0.30: 0.4850  0.5339  1.2131

[Standard deviation (std)]
density=0.05: 0.0027  0.0031  0.0057
density=0.10: 0.0017  0.0020  0.0054
density=0.15: 0.0014  0.0017  0.0040
density=0.20: 0.0013  0.0016  0.0032
density=0.25: 0.0012  0.0016  0.0035
density=0.30: 0.0011  0.0013  0.0039

======== Detailed results ========
[density=0.05, 20 rounds]
0.6539  0.7210  1.5016
0.6597  0.7275  1.5066
0.6558  0.7238  1.4957
0.6543  0.7223  1.4944
0.6578  0.7257  1.4996
0.6544  0.7211  1.4995
0.6551  0.7218  1.5069
0.6578  0.7259  1.5030
0.6533  0.7204  1.5041
0.6574  0.7247  1.5027
0.6539  0.7210  1.5010
0.6502  0.7166  1.4959
0.6505  0.7183  1.4854
0.6571  0.7246  1.5108
0.6513  0.7181  1.5071
0.6570  0.7246  1.4993
0.6521  0.7183  1.5003
0.6569  0.7246  1.5023
0.6537  0.7212  1.4931
0.6501  0.7166  1.4964

[density=0.10, 20 rounds]
0.5742  0.6322  1.3762
0.5796  0.6383  1.3917
0.5729  0.6316  1.3750
0.5760  0.6353  1.3759
0.5726  0.6312  1.3732
0.5750  0.6326  1.3867
0.5763  0.6341  1.3892
0.5755  0.6336  1.3827
0.5764  0.6345  1.3844
0.5762  0.6346  1.3765
0.5726  0.6301  1.3822
0.5721  0.6293  1.3732
0.5751  0.6335  1.3742
0.5739  0.6318  1.3838
0.5728  0.6310  1.3824
0.5750  0.6332  1.3888
0.5740  0.6319  1.3788
0.5735  0.6318  1.3806
0.5737  0.6317  1.3777
0.5740  0.6315  1.3781

[density=0.15, 20 rounds]
0.5428  0.5975  1.3200
0.5454  0.6011  1.3286
0.5404  0.5956  1.3190
0.5428  0.5989  1.3158
0.5424  0.5974  1.3155
0.5427  0.5969  1.3219
0.5396  0.5937  1.3182
0.5435  0.5981  1.3223
0.5454  0.6006  1.3271
0.5424  0.5976  1.3169
0.5430  0.5974  1.3181
0.5413  0.5955  1.3129
0.5430  0.5979  1.3168
0.5413  0.5958  1.3230
0.5432  0.5982  1.3247
0.5431  0.5976  1.3240
0.5427  0.5976  1.3189
0.5434  0.5983  1.3247
0.5409  0.5955  1.3206
0.5435  0.5979  1.3201

[density=0.20, 20 rounds]
0.5199  0.5723  1.2773
0.5202  0.5732  1.2807
0.5184  0.5714  1.2742
0.5194  0.5730  1.2733
0.5199  0.5723  1.2739
0.5187  0.5702  1.2780
0.5161  0.5681  1.2721
0.5194  0.5712  1.2755
0.5212  0.5740  1.2816
0.5172  0.5697  1.2750
0.5176  0.5694  1.2732
0.5167  0.5683  1.2707
0.5175  0.5696  1.2710
0.5183  0.5705  1.2795
0.5204  0.5732  1.2764
0.5179  0.5699  1.2766
0.5181  0.5701  1.2724
0.5183  0.5702  1.2758
0.5198  0.5725  1.2810
0.5191  0.5705  1.2745

[density=0.25, 20 rounds]
0.5011  0.5517  1.2423
0.5020  0.5531  1.2482
0.4986  0.5496  1.2392
0.5004  0.5521  1.2396
0.5026  0.5534  1.2402
0.5005  0.5503  1.2431
0.4981  0.5487  1.2413
0.4996  0.5492  1.2394
0.5021  0.5532  1.2416
0.4992  0.5500  1.2371
0.5004  0.5506  1.2412
0.4985  0.5484  1.2343
0.5000  0.5504  1.2366
0.4988  0.5489  1.2441
0.5008  0.5517  1.2414
0.5015  0.5528  1.2412
0.4996  0.5494  1.2405
0.4999  0.5500  1.2398
0.4997  0.5503  1.2479
0.4993  0.5487  1.2348

[density=0.30, 20 rounds]
0.4849  0.5337  1.2119
0.4869  0.5362  1.2214
0.4827  0.5321  1.2111
0.4853  0.5355  1.2089
0.4865  0.5357  1.2129
0.4861  0.5346  1.2204
0.4852  0.5343  1.2174
0.4853  0.5332  1.2158
0.4850  0.5343  1.2130
0.4840  0.5331  1.2104
0.4857  0.5344  1.2131
0.4838  0.5317  1.2099
0.4860  0.5354  1.2093
0.4835  0.5324  1.2161
0.4831  0.5321  1.2117
0.4846  0.5340  1.2091
0.4858  0.5346  1.2151
0.4842  0.5330  1.2118
0.4859  0.5350  1.2170
0.4847  0.5327  1.2054

