======== Results summary ========
Metrics:    |   MAE  |   NMAE  |   RMSE  
[Average]
density=0.05: 0.7324  0.8077  1.7399
density=0.10: 0.7046  0.7759  1.6176
density=0.15: 0.6625  0.7294  1.4817
density=0.20: 0.6531  0.7190  1.4620
density=0.25: 0.6674  0.7348  1.4913
density=0.30: 0.6807  0.7494  1.5284

[Standard deviation (std)]
density=0.05: 0.0021  0.0025  0.0051
density=0.10: 0.0013  0.0013  0.0055
density=0.15: 0.0029  0.0030  0.0047
density=0.20: 0.0040  0.0044  0.0064
density=0.25: 0.0042  0.0048  0.0080
density=0.30: 0.0041  0.0046  0.0078

======== Detailed results ========
[density=0.05, 20 rounds]
0.7338  0.8091  1.7362
0.7322  0.8075  1.7368
0.7360  0.8124  1.7389
0.7309  0.8068  1.7358
0.7344  0.8102  1.7315
0.7312  0.8056  1.7404
0.7322  0.8067  1.7458
0.7363  0.8124  1.7339
0.7290  0.8040  1.7440
0.7359  0.8112  1.7413
0.7297  0.8046  1.7474
0.7328  0.8076  1.7471
0.7317  0.8079  1.7282
0.7306  0.8056  1.7423
0.7310  0.8058  1.7436
0.7335  0.8091  1.7414
0.7315  0.8057  1.7437
0.7347  0.8104  1.7369
0.7301  0.8054  1.7379
0.7310  0.8058  1.7446

[density=0.10, 20 rounds]
0.7062  0.7777  1.6231
0.7064  0.7779  1.6232
0.7042  0.7762  1.6117
0.7030  0.7754  1.6108
0.7038  0.7758  1.6116
0.7044  0.7749  1.6251
0.7067  0.7775  1.6225
0.7046  0.7758  1.6144
0.7042  0.7752  1.6229
0.7057  0.7773  1.6055
0.7027  0.7733  1.6229
0.7061  0.7768  1.6216
0.7044  0.7759  1.6159
0.7041  0.7752  1.6209
0.7022  0.7736  1.6100
0.7029  0.7741  1.6207
0.7058  0.7770  1.6204
0.7039  0.7754  1.6120
0.7055  0.7769  1.6178
0.7058  0.7764  1.6196

[density=0.15, 20 rounds]
0.6657  0.7328  1.4865
0.6670  0.7350  1.4835
0.6604  0.7278  1.4791
0.6577  0.7257  1.4701
0.6587  0.7255  1.4763
0.6589  0.7248  1.4866
0.6639  0.7304  1.4838
0.6619  0.7285  1.4832
0.6632  0.7304  1.4830
0.6580  0.7249  1.4712
0.6648  0.7315  1.4870
0.6662  0.7330  1.4885
0.6606  0.7274  1.4799
0.6644  0.7313  1.4824
0.6600  0.7269  1.4816
0.6615  0.7280  1.4820
0.6657  0.7329  1.4837
0.6651  0.7323  1.4809
0.6644  0.7315  1.4850
0.6616  0.7279  1.4792

[density=0.20, 20 rounds]
0.6486  0.7141  1.4528
0.6597  0.7269  1.4673
0.6526  0.7193  1.4610
0.6466  0.7134  1.4487
0.6482  0.7136  1.4499
0.6529  0.7177  1.4669
0.6528  0.7186  1.4605
0.6495  0.7143  1.4595
0.6549  0.7212  1.4596
0.6490  0.7149  1.4572
0.6563  0.7220  1.4656
0.6552  0.7206  1.4643
0.6521  0.7178  1.4677
0.6591  0.7255  1.4667
0.6521  0.7183  1.4607
0.6570  0.7230  1.4656
0.6505  0.7159  1.4604
0.6607  0.7269  1.4758
0.6559  0.7225  1.4689
0.6489  0.7132  1.4601

[density=0.25, 20 rounds]
0.6622  0.7291  1.4794
0.6751  0.7438  1.5017
0.6679  0.7363  1.4901
0.6625  0.7308  1.4800
0.6620  0.7289  1.4799
0.6668  0.7331  1.4921
0.6677  0.7355  1.4942
0.6647  0.7308  1.4893
0.6655  0.7332  1.4808
0.6694  0.7375  1.4917
0.6701  0.7374  1.4911
0.6743  0.7418  1.4989
0.6652  0.7322  1.4962
0.6704  0.7377  1.4968
0.6695  0.7376  1.4980
0.6736  0.7425  1.4936
0.6623  0.7283  1.4832
0.6685  0.7356  1.5013
0.6701  0.7380  1.5068
0.6608  0.7262  1.4816

[density=0.30, 20 rounds]
0.6760  0.7440  1.5185
0.6842  0.7534  1.5322
0.6764  0.7457  1.5195
0.6791  0.7494  1.5184
0.6786  0.7472  1.5245
0.6756  0.7429  1.5221
0.6818  0.7508  1.5329
0.6810  0.7482  1.5314
0.6837  0.7533  1.5289
0.6821  0.7514  1.5241
0.6735  0.7410  1.5188
0.6893  0.7575  1.5432
0.6802  0.7494  1.5364
0.6861  0.7554  1.5416
0.6798  0.7487  1.5255
0.6866  0.7565  1.5331
0.6818  0.7503  1.5258
0.6755  0.7435  1.5287
0.6848  0.7540  1.5414
0.6785  0.7457  1.5203

