======== Results summary ========
Metrics:    |   MAE  |   NMAE  |   RMSE  
[Average]
density=0.05: 0.6208  0.6846  1.4648
density=0.10: 0.5982  0.6587  1.4347
density=0.15: 0.5902  0.6498  1.4211
density=0.20: 0.5858  0.6448  1.4146
density=0.25: 0.5833  0.6422  1.4106
density=0.30: 0.5814  0.6401  1.4089

[Standard deviation (std)]
density=0.05: 0.0026  0.0031  0.0053
density=0.10: 0.0013  0.0017  0.0037
density=0.15: 0.0011  0.0014  0.0031
density=0.20: 0.0008  0.0012  0.0022
density=0.25: 0.0008  0.0012  0.0028
density=0.30: 0.0006  0.0009  0.0034

======== Detailed results ========
[density=0.05, 20 rounds]
0.6246  0.6887  1.4719
0.6237  0.6878  1.4633
0.6245  0.6894  1.4602
0.6214  0.6860  1.4611
0.6252  0.6898  1.4650
0.6182  0.6811  1.4611
0.6202  0.6834  1.4736
0.6231  0.6876  1.4678
0.6178  0.6813  1.4614
0.6217  0.6853  1.4621
0.6190  0.6826  1.4649
0.6164  0.6793  1.4601
0.6191  0.6837  1.4523
0.6216  0.6854  1.4724
0.6168  0.6800  1.4732
0.6224  0.6864  1.4655
0.6186  0.6814  1.4670
0.6233  0.6875  1.4698
0.6196  0.6835  1.4602
0.6188  0.6821  1.4641

[density=0.10, 20 rounds]
0.5988  0.6594  1.4315
0.6003  0.6611  1.4379
0.6003  0.6618  1.4315
0.5999  0.6616  1.4316
0.5983  0.6595  1.4303
0.5964  0.6562  1.4361
0.5966  0.6563  1.4378
0.6001  0.6608  1.4358
0.5984  0.6587  1.4380
0.5996  0.6604  1.4301
0.5976  0.6576  1.4393
0.5992  0.6591  1.4319
0.5975  0.6582  1.4288
0.5979  0.6583  1.4413
0.5973  0.6580  1.4372
0.5971  0.6576  1.4401
0.5973  0.6575  1.4347
0.5962  0.6568  1.4336
0.5982  0.6587  1.4350
0.5966  0.6562  1.4303

[density=0.15, 20 rounds]
0.5908  0.6503  1.4189
0.5904  0.6506  1.4201
0.5906  0.6508  1.4211
0.5919  0.6532  1.4187
0.5901  0.6499  1.4161
0.5890  0.6479  1.4218
0.5883  0.6473  1.4214
0.5916  0.6511  1.4225
0.5911  0.6510  1.4242
0.5912  0.6513  1.4198
0.5910  0.6503  1.4199
0.5918  0.6511  1.4201
0.5876  0.6470  1.4157
0.5895  0.6488  1.4276
0.5901  0.6498  1.4268
0.5898  0.6491  1.4231
0.5897  0.6493  1.4213
0.5902  0.6498  1.4224
0.5895  0.6490  1.4239
0.5897  0.6487  1.4170

[density=0.20, 20 rounds]
0.5871  0.6463  1.4114
0.5853  0.6450  1.4133
0.5868  0.6468  1.4129
0.5856  0.6461  1.4097
0.5872  0.6465  1.4146
0.5846  0.6427  1.4150
0.5845  0.6434  1.4147
0.5866  0.6452  1.4145
0.5865  0.6459  1.4182
0.5858  0.6453  1.4145
0.5860  0.6447  1.4150
0.5860  0.6445  1.4147
0.5842  0.6431  1.4130
0.5855  0.6445  1.4191
0.5864  0.6459  1.4165
0.5854  0.6442  1.4156
0.5849  0.6437  1.4146
0.5854  0.6440  1.4147
0.5863  0.6458  1.4175
0.5852  0.6431  1.4123

[density=0.25, 20 rounds]
0.5836  0.6426  1.4053
0.5830  0.6423  1.4134
0.5832  0.6428  1.4082
0.5829  0.6431  1.4078
0.5849  0.6441  1.4105
0.5819  0.6398  1.4095
0.5825  0.6416  1.4128
0.5834  0.6414  1.4100
0.5845  0.6440  1.4104
0.5838  0.6432  1.4101
0.5842  0.6429  1.4093
0.5839  0.6424  1.4127
0.5825  0.6412  1.4112
0.5829  0.6413  1.4169
0.5836  0.6429  1.4128
0.5834  0.6431  1.4097
0.5820  0.6400  1.4113
0.5834  0.6420  1.4095
0.5833  0.6423  1.4151
0.5829  0.6406  1.4055

[density=0.30, 20 rounds]
0.5811  0.6396  1.4022
0.5816  0.6405  1.4123
0.5814  0.6410  1.4080
0.5807  0.6407  1.4048
0.5821  0.6409  1.4066
0.5802  0.6381  1.4094
0.5810  0.6398  1.4125
0.5811  0.6385  1.4085
0.5824  0.6416  1.4106
0.5812  0.6402  1.4074
0.5813  0.6395  1.4080
0.5824  0.6401  1.4141
0.5812  0.6403  1.4074
0.5810  0.6397  1.4141
0.5815  0.6404  1.4116
0.5817  0.6410  1.4078
0.5809  0.6393  1.4107
0.5822  0.6408  1.4085
0.5817  0.6405  1.4121
0.5812  0.6387  1.4016

