======== Results summary ========
Metrics:    |   MAE  |   NMAE  |   RMSE  
[Average]
density=0.05: 27.8783  0.5867  64.0953
density=0.10: 23.5910  0.4961  56.4440
density=0.15: 21.3380  0.4486  51.5727
density=0.20: 19.7499  0.4152  48.2625
density=0.25: 18.6975  0.3931  46.0820
density=0.30: 17.9563  0.3774  44.5704

[Standard deviation (std)]
density=0.05: 0.1540  0.0032  0.4189
density=0.10: 0.1341  0.0029  0.2987
density=0.15: 0.0964  0.0020  0.2749
density=0.20: 0.0721  0.0015  0.1791
density=0.25: 0.0555  0.0012  0.1673
density=0.30: 0.0441  0.0009  0.1374

======== Detailed results ========
[density=0.05, 20 rounds]
27.6965  0.5838  63.1794
27.8386  0.5856  64.2236
27.9207  0.5877  64.2668
28.0449  0.5903  64.0879
27.8125  0.5847  64.2301
27.8363  0.5864  63.9358
28.0539  0.5903  64.6202
27.5369  0.5799  63.0982
27.9862  0.5887  64.5492
27.9749  0.5882  64.6939
27.7577  0.5835  64.2595
27.8667  0.5866  64.0592
28.0125  0.5893  64.2430
27.5574  0.5792  63.6508
27.9975  0.5892  64.2649
27.7829  0.5849  63.9242
28.0015  0.5896  63.7699
28.0003  0.5891  64.3088
28.0815  0.5909  64.6089
27.8071  0.5852  63.9323

[density=0.10, 20 rounds]
23.5448  0.4956  56.0751
23.3081  0.4899  56.1023
23.4812  0.4942  56.2899
23.4670  0.4937  56.0517
23.4969  0.4942  56.1079
23.4755  0.4937  56.1564
23.7705  0.5001  56.6641
23.4124  0.4924  56.3187
23.7261  0.4989  56.6924
23.6696  0.4975  56.5681
23.6278  0.4963  56.9526
23.6088  0.4970  56.2775
23.6441  0.4972  56.6158
23.4214  0.4919  56.3173
23.7562  0.4996  57.0381
23.5544  0.4950  56.2551
23.6610  0.4982  56.2760
23.8183  0.5006  56.9000
23.7210  0.4986  56.6614
23.6555  0.4975  56.5603

[density=0.15, 20 rounds]
21.3930  0.4499  51.5501
21.2560  0.4466  51.5366
21.1432  0.4452  51.0899
21.3592  0.4493  51.3936
21.3426  0.4488  51.4819
21.0937  0.4436  50.9314
21.4189  0.4503  51.7181
21.3360  0.4486  51.5290
21.3749  0.4492  51.5181
21.3462  0.4490  51.5898
21.4151  0.4501  51.9263
21.4664  0.4516  51.8406
21.3854  0.4496  51.8499
21.4022  0.4490  51.9334
21.3675  0.4492  51.8493
21.1935  0.4454  51.1600
21.3763  0.4501  51.5660
21.3510  0.4487  51.6140
21.2810  0.4473  51.4437
21.4588  0.4507  51.9332

[density=0.20, 20 rounds]
19.7862  0.4160  48.2692
19.7119  0.4143  48.2965
19.6898  0.4148  48.0931
19.7348  0.4147  48.1977
19.7635  0.4156  48.1567
19.6055  0.4122  47.9047
19.6573  0.4135  48.1725
19.7643  0.4157  48.3192
19.8023  0.4159  48.1616
19.7961  0.4163  48.2091
19.8277  0.4168  48.5481
19.7533  0.4156  48.2628
19.8914  0.4182  48.5309
19.8550  0.4166  48.5235
19.7060  0.4145  48.2459
19.6652  0.4135  47.9209
19.7946  0.4168  48.3699
19.7309  0.4145  48.3052
19.6499  0.4126  48.2025
19.8130  0.4158  48.5597

[density=0.25, 20 rounds]
18.6625  0.3923  45.9959
18.7649  0.3940  46.3337
18.6364  0.3922  45.9908
18.6727  0.3930  45.9439
18.6850  0.3930  45.8817
18.6034  0.3908  45.9453
18.6146  0.3917  45.8997
18.6477  0.3921  45.8851
18.7011  0.3930  46.0124
18.7377  0.3942  46.0399
18.6761  0.3930  46.0687
18.7620  0.3948  46.2516
18.7615  0.3945  46.1529
18.7750  0.3940  46.1793
18.6759  0.3925  46.2579
18.7076  0.3936  46.0216
18.7590  0.3948  46.1644
18.7372  0.3935  46.1668
18.6126  0.3906  45.9141
18.7573  0.3936  46.5334

[density=0.30, 20 rounds]
18.0627  0.3794  44.7273
18.0182  0.3784  44.8666
17.9551  0.3777  44.6198
17.9414  0.3772  44.5290
17.9108  0.3765  44.4236
17.9179  0.3764  44.5185
17.9195  0.3773  44.4744
17.9234  0.3771  44.3479
17.9280  0.3766  44.3615
18.0047  0.3784  44.5012
17.9925  0.3785  44.4600
17.9502  0.3775  44.5288
17.9659  0.3778  44.5578
17.9986  0.3779  44.7783
17.9410  0.3771  44.6808
17.9088  0.3767  44.4570
17.9667  0.3782  44.5970
17.8934  0.3758  44.5912
17.9157  0.3757  44.6038
18.0110  0.3782  44.7831

