======== Results summary ========
Metrics:    |   MAE  |   NMAE  |   RMSE  
[Average]
density=0.05: 53.8865  1.1340  110.3835
density=0.10: 53.8536  1.1325  110.3879
density=0.15: 53.8266  1.1317  110.3872
density=0.20: 53.8159  1.1313  110.3860
density=0.25: 53.7998  1.1310  110.3768
density=0.30: 53.7877  1.1305  110.3959

[Standard deviation (std)]
density=0.05: 0.2331  0.0055  0.0983
density=0.10: 0.1075  0.0030  0.0740
density=0.15: 0.0867  0.0027  0.0946
density=0.20: 0.0682  0.0024  0.1232
density=0.25: 0.0555  0.0022  0.1219
density=0.30: 0.0353  0.0017  0.1106

======== Detailed results ========
[density=0.05, 20 rounds]
54.2171  1.1428  110.1349
53.8726  1.1333  110.4750
53.9432  1.1354  110.3657
54.2671  1.1423  110.4237
53.9190  1.1336  110.5117
53.8170  1.1337  110.2021
53.9174  1.1345  110.4264
54.2009  1.1415  110.3299
53.7294  1.1302  110.3778
53.7176  1.1295  110.4832
53.5552  1.1258  110.5373
53.8350  1.1333  110.3419
54.0211  1.1365  110.4368
53.3160  1.1206  110.4704
53.7878  1.1320  110.3326
53.7618  1.1319  110.2682
54.3111  1.1436  110.3311
53.8895  1.1337  110.4196
53.8490  1.1331  110.4224
53.8024  1.1323  110.3789

[density=0.10, 20 rounds]
54.0025  1.1367  110.2817
53.7043  1.1287  110.4688
53.9872  1.1362  110.3468
53.9150  1.1343  110.3884
53.9981  1.1357  110.3313
53.8391  1.1322  110.3463
53.9003  1.1341  110.3871
53.8730  1.1330  110.4054
53.8902  1.1333  110.3378
53.7152  1.1291  110.3917
53.7036  1.1281  110.5462
53.9336  1.1354  110.2877
53.8790  1.1329  110.3934
53.6764  1.1273  110.5326
53.8599  1.1327  110.3496
53.7448  1.1295  110.4278
54.0309  1.1377  110.2557
53.7362  1.1295  110.4375
53.8782  1.1325  110.4424
53.8047  1.1316  110.3999

[density=0.15, 20 rounds]
53.7910  1.1313  110.3361
53.7255  1.1287  110.4592
54.0031  1.1372  110.2281
53.8820  1.1334  110.4172
53.8879  1.1333  110.3468
53.8811  1.1330  110.3627
53.7983  1.1310  110.4485
53.8813  1.1330  110.3626
53.8265  1.1312  110.3504
53.8243  1.1323  110.2460
53.7983  1.1308  110.4153
53.8723  1.1333  110.3612
53.7625  1.1302  110.4270
53.6440  1.1255  110.6423
53.8234  1.1316  110.3499
53.7863  1.1305  110.3818
54.0292  1.1377  110.2537
53.7659  1.1299  110.3756
53.8082  1.1310  110.4252
53.7413  1.1287  110.5549

[density=0.20, 20 rounds]
53.8379  1.1319  110.3451
53.7457  1.1296  110.3840
53.9499  1.1364  110.1993
53.7938  1.1303  110.5864
53.8455  1.1322  110.3237
53.8543  1.1323  110.3624
53.8847  1.1334  110.4244
53.9005  1.1338  110.3202
53.8076  1.1302  110.4046
53.7093  1.1294  110.2442
53.7794  1.1305  110.4198
53.8485  1.1329  110.3327
53.7913  1.1310  110.3705
53.7632  1.1280  110.5792
53.8735  1.1332  110.2736
53.8150  1.1316  110.2558
53.9248  1.1354  110.2515
53.7459  1.1290  110.4313
53.7432  1.1286  110.5405
53.7043  1.1271  110.6706

[density=0.25, 20 rounds]
53.8109  1.1313  110.3359
53.7506  1.1287  110.5112
53.8504  1.1332  110.3402
53.8422  1.1333  110.3357
53.9110  1.1338  110.3338
53.7659  1.1295  110.4462
53.8366  1.1328  110.3331
53.8135  1.1315  110.3373
53.7466  1.1295  110.3594
53.7782  1.1314  110.1915
53.8196  1.1326  110.2466
53.7836  1.1316  110.3146
53.8576  1.1324  110.3865
53.7382  1.1278  110.4664
53.8164  1.1311  110.3819
53.8544  1.1331  110.2129
53.8621  1.1337  110.2643
53.7472  1.1289  110.4613
53.7261  1.1275  110.5458
53.6848  1.1265  110.7311

[density=0.30, 20 rounds]
53.7678  1.1295  110.3707
53.7355  1.1284  110.5236
53.8020  1.1317  110.3761
53.7979  1.1311  110.4415
53.8281  1.1315  110.3787
53.7731  1.1295  110.5018
53.8338  1.1334  110.2715
53.8390  1.1328  110.2832
53.8013  1.1300  110.4473
53.7283  1.1292  110.3154
53.7770  1.1312  110.2862
53.7826  1.1311  110.3612
53.7590  1.1306  110.3217
53.7909  1.1293  110.4243
53.8072  1.1309  110.3796
53.8052  1.1317  110.2604
53.8544  1.1336  110.2307
53.7609  1.1291  110.5142
53.7216  1.1266  110.6350
53.7887  1.1296  110.5953

