======== Results summary ========
Metrics:    |   MAE  |   NMAE  |   RMSE  
[Average]
density=0.05: 28.6153  0.6022  68.2628
density=0.10: 20.7380  0.4361  52.4787
density=0.15: 18.5005  0.3890  47.2796
density=0.20: 17.3951  0.3657  44.5628
density=0.25: 16.6734  0.3505  42.7056
density=0.30: 16.0700  0.3378  41.5274

[Standard deviation (std)]
density=0.05: 0.2689  0.0056  0.4953
density=0.10: 0.1117  0.0024  0.3441
density=0.15: 0.0747  0.0017  0.1986
density=0.20: 0.0723  0.0014  0.1939
density=0.25: 0.0811  0.0017  0.1864
density=0.30: 0.0853  0.0019  0.1418

======== Detailed results ========
[density=0.05, 20 rounds]
28.0758  0.5918  66.9858
28.8043  0.6059  68.6402
28.4849  0.5995  68.1824
28.3724  0.5972  67.5965
28.9144  0.6079  68.9267
28.8549  0.6079  68.3032
28.5720  0.6012  68.3303
28.3632  0.5973  67.5009
28.7662  0.6051  68.6138
28.7751  0.6050  68.7027
28.1970  0.5927  68.3733
29.0867  0.6123  68.8267
28.7437  0.6047  67.9744
28.3033  0.5949  68.3571
28.3755  0.5972  67.7584
28.7148  0.6046  68.1603
28.9745  0.6101  68.2431
28.5557  0.6008  68.3537
28.8612  0.6073  69.0573
28.5098  0.6000  68.3685

[density=0.10, 20 rounds]
20.7080  0.4359  52.3846
20.7597  0.4363  52.9506
20.8374  0.4386  52.8014
20.7127  0.4358  52.4036
20.7159  0.4357  52.3269
20.6684  0.4346  52.0478
20.8048  0.4377  52.7181
20.9965  0.4416  53.2219
20.7892  0.4372  52.4626
20.7445  0.4360  52.3218
20.9402  0.4399  53.1600
20.7162  0.4361  52.4332
20.6449  0.4341  52.3059
20.5755  0.4321  52.4850
20.6178  0.4336  52.0045
20.5866  0.4327  52.2644
20.7406  0.4367  52.0910
20.8993  0.4393  52.7637
20.6093  0.4332  52.0650
20.6916  0.4352  52.3616

[density=0.15, 20 rounds]
18.4703  0.3885  47.2274
18.5797  0.3903  47.6891
18.4431  0.3884  47.2563
18.4463  0.3880  47.2226
18.4591  0.3882  46.9467
18.4589  0.3882  46.9098
18.5880  0.3908  47.2694
18.6196  0.3915  47.4433
18.5562  0.3900  47.2127
18.4582  0.3883  47.2007
18.5107  0.3891  47.1352
18.4918  0.3890  47.3500
18.5111  0.3891  47.2698
18.4027  0.3861  47.6052
18.4172  0.3872  47.2034
18.3741  0.3862  47.1454
18.6842  0.3934  47.6654
18.5071  0.3889  47.2967
18.5385  0.3896  47.1598
18.4935  0.3884  47.3822

[density=0.20, 20 rounds]
17.3138  0.3640  44.3339
17.3289  0.3642  44.5225
17.3271  0.3650  44.5223
17.2883  0.3633  44.4539
17.3795  0.3654  44.3920
17.4307  0.3665  44.4241
17.3234  0.3644  44.4425
17.2954  0.3638  44.4485
17.4630  0.3668  44.5223
17.3750  0.3654  44.3876
17.4481  0.3668  44.6468
17.4156  0.3664  44.5730
17.4441  0.3668  44.6968
17.4341  0.3658  44.9730
17.4245  0.3665  44.5969
17.5491  0.3690  44.5978
17.3794  0.3659  44.5948
17.3106  0.3636  44.2948
17.4743  0.3670  44.7476
17.4975  0.3672  45.0854

[density=0.25, 20 rounds]
16.6230  0.3495  42.5687
16.6739  0.3501  42.9644
16.5143  0.3475  42.4888
16.5881  0.3492  42.6681
16.5770  0.3486  42.3199
16.6606  0.3500  42.6744
16.5748  0.3488  42.4454
16.6760  0.3506  42.7625
16.7270  0.3515  42.5307
16.8063  0.3536  42.8206
16.7411  0.3523  42.5828
16.7813  0.3531  42.9490
16.7940  0.3531  42.7942
16.6866  0.3502  42.7965
16.6444  0.3498  42.7896
16.5840  0.3489  42.5589
16.7431  0.3524  42.8732
16.6152  0.3490  42.5984
16.6929  0.3503  42.9126
16.7638  0.3518  43.0138

[density=0.30, 20 rounds]
16.0531  0.3372  41.3353
15.9585  0.3351  41.5545
16.0746  0.3381  41.7678
16.0908  0.3383  41.4070
16.0813  0.3380  41.4257
16.0703  0.3376  41.7207
16.0664  0.3382  41.3362
16.1218  0.3392  41.5963
16.1541  0.3393  41.4349
16.2751  0.3421  41.6688
16.1895  0.3405  41.4316
16.1607  0.3399  41.6798
15.9313  0.3350  41.3091
15.9645  0.3352  41.4457
15.9815  0.3359  41.5119
15.9767  0.3360  41.4650
16.0341  0.3375  41.5462
16.1414  0.3390  41.7185
16.0723  0.3370  41.7334
16.0016  0.3360  41.4588

